tarting position and rotation:
(array([ 0.09788,  0.01268, -0.10523]), array([   0.03222,   -0.34533,  179.99759]))
HOME_POS_ARM1: [0.0982, 0.0126, -0.105]
HOME_ROT_ARM1: [0.0, 0.0, 180.0]
With actual rotation matrix:
[[-1.      -0.00004  0.     ]
 [ 0.00004 -1.       0.     ]
 [ 0.       0.       1.     ]]
With desired rotation matrix:
[[-1. -0.  0.]
 [ 0. -1.  0.]
 [ 0.  0.  1.]]

Adding 1-th data point for `collect_tip_data()`.
pos_tool_wrt_s_targ:  [0.089200000000000002, 0.0036000000000000008, -0.105]
pos_tool_wrt_s_code:  [ 0.08887  0.00397 -0.10516]
rot_tool_wrt_s_targ:  [   0.    0.  180.]
rot_tool_wrt_s_code:  [   0.16025    2.00853  176.84697]
pos_ntip wrt_c:       [ 0.02111  0.00378  0.11031]
pos_ntip_wrt_s:       [ 0.08214  0.02276 -0.11776]
pos_ntip_wrt_r:       [ 0.00776 -0.01839 -0.0126 ]

Adding 2-th data point for `collect_tip_data()`.
pos_tool_wrt_s_targ:  [0.089200000000000002, 0.0096000000000000009, -0.105]
pos_tool_wrt_s_code:  [ 0.08882  0.00952 -0.10501]
rot_tool_wrt_s_targ:  [   0.    0.  180.]
rot_tool_wrt_s_code:  [   0.06638    1.43075  179.26072]
pos_ntip wrt_c:       [ 0.02058  0.00849  0.10498]
pos_ntip_wrt_s:       [ 0.08241  0.02922 -0.11472]
pos_ntip_wrt_r:       [ 0.00667 -0.01962 -0.00971]

Adding 3-th data point for `collect_tip_data()`.
pos_tool_wrt_s_targ:  [0.089200000000000002, 0.015599999999999999, -0.105]
pos_tool_wrt_s_code:  [ 0.08901  0.01529 -0.10495]
rot_tool_wrt_s_targ:  [   0.    0.  180.]
rot_tool_wrt_s_code:  [  -0.08843    0.07625 -179.31841]
pos_ntip wrt_c:       [ 0.0204   0.01377  0.10307]
pos_ntip_wrt_s:       [ 0.08196  0.03481 -0.115  ]
pos_ntip_wrt_r:       [ 0.00682 -0.01961 -0.01005]

Adding 4-th data point for `collect_tip_data()`.
pos_tool_wrt_s_targ:  [0.089200000000000002, 0.021600000000000001, -0.105]
pos_tool_wrt_s_code:  [ 0.08912  0.02114 -0.10493]
rot_tool_wrt_s_targ:  [   0.    0.  180.]
rot_tool_wrt_s_code:  [  -0.27046   -0.46525 -177.42593]
pos_ntip wrt_c:       [ 0.02003  0.01869  0.09956]
pos_ntip_wrt_s:       [ 0.08189  0.04072 -0.1137 ]
pos_ntip_wrt_r:       [ 0.00634 -0.01989 -0.00877]

Adding 5-th data point for `collect_tip_data()`.
pos_tool_wrt_s_targ:  [0.095199999999999993, 0.0036000000000000008, -0.105]
pos_tool_wrt_s_code:  [ 0.09461  0.00393 -0.10515]
rot_tool_wrt_s_targ:  [   0.    0.  180.]
rot_tool_wrt_s_code:  [   0.10426    0.41288  176.90665]
pos_ntip wrt_c:       [ 0.0151   0.0032   0.11004]
pos_ntip_wrt_s:       [ 0.08817  0.02297 -0.11809]
pos_ntip_wrt_r:       [ 0.00746 -0.01867 -0.01294]

Adding 6-th data point for `collect_tip_data()`.
pos_tool_wrt_s_targ:  [0.095199999999999993, 0.0096000000000000009, -0.105]
pos_tool_wrt_s_code:  [ 0.09467  0.00948 -0.10514]
rot_tool_wrt_s_targ:  [   0.    0.  180.]
rot_tool_wrt_s_code:  [  -0.07244    0.20102  179.63321]
pos_ntip wrt_c:       [ 0.01429  0.0076   0.10411]
pos_ntip_wrt_s:       [ 0.08881  0.0294  -0.11443]
pos_ntip_wrt_r:       [ 0.00599 -0.01988 -0.00928]

Adding 7-th data point for `collect_tip_data()`.
pos_tool_wrt_s_targ:  [0.095199999999999993, 0.015599999999999999, -0.105]
pos_tool_wrt_s_code:  [ 0.09482  0.01526 -0.10517]
rot_tool_wrt_s_targ:  [   0.    0.  180.]
rot_tool_wrt_s_code:  [  -0.23399   -0.57132 -178.63899]
pos_ntip wrt_c:       [ 0.0143   0.01329  0.10421]
pos_ntip_wrt_s:       [ 0.08795  0.03456 -0.11668]
pos_ntip_wrt_r:       [ 0.00641 -0.01945 -0.01151]

Adding 8-th data point for `collect_tip_data()`.
pos_tool_wrt_s_targ:  [0.095199999999999993, 0.021600000000000001, -0.105]
pos_tool_wrt_s_code:  [ 0.09496  0.02112 -0.10517]
rot_tool_wrt_s_targ:  [   0.    0.  180.]
rot_tool_wrt_s_code:  [  -0.44901   -1.19855 -176.82997]
pos_ntip wrt_c:       [ 0.01323  0.01704  0.09383]
pos_ntip_wrt_s:       [ 0.0893   0.04218 -0.10873]
pos_ntip_wrt_r:       [ 0.00448 -0.02134 -0.00355]

Adding 9-th data point for `collect_tip_data()`.
pos_tool_wrt_s_targ:  [0.1012, 0.0036000000000000008, -0.105]
pos_tool_wrt_s_code:  [ 0.10067  0.00395 -0.10522]
rot_tool_wrt_s_targ:  [   0.    0.  180.]
rot_tool_wrt_s_code:  [   0.09042   -0.25388  177.51716]
pos_ntip wrt_c:       [ 0.00866  0.0022   0.10841]
pos_ntip_wrt_s:       [ 0.0948   0.02336 -0.11707]
pos_ntip_wrt_r:       [ 0.0067  -0.01914 -0.01185]

Adding 10-th data point for `collect_tip_data()`.
pos_tool_wrt_s_targ:  [0.1012, 0.0096000000000000009, -0.105]
pos_tool_wrt_s_code:  [ 0.1007   0.00951 -0.10523]
rot_tool_wrt_s_targ:  [   0.    0.  180.]
rot_tool_wrt_s_code:  [  -0.134     -0.46868 -179.89397]
pos_ntip wrt_c:       [ 0.00837  0.00713  0.10666]
pos_ntip_wrt_s:       [ 0.0945   0.02859 -0.11738]
pos_ntip_wrt_r:       [ 0.00617 -0.01909 -0.01215]

Adding 11-th data point for `collect_tip_data()`.
pos_tool_wrt_s_targ:  [0.1012, 0.015599999999999999, -0.105]
pos_tool_wrt_s_code:  [ 0.1008   0.01525 -0.10523]
rot_tool_wrt_s_targ:  [   0.    0.  180.]
rot_tool_wrt_s_code:  [  -0.28756   -0.9512  -177.88477]
pos_ntip wrt_c:       [ 0.00783  0.01208  0.10342]
pos_ntip_wrt_s:       [ 0.09457  0.03444 -0.11635]
pos_ntip_wrt_r:       [ 0.00552 -0.01941 -0.01112]

Adding 12-th data point for `collect_tip_data()`.
pos_tool_wrt_s_targ:  [0.1012, 0.021600000000000001, -0.105]
pos_tool_wrt_s_code:  [ 0.10099  0.02111 -0.10524]
rot_tool_wrt_s_targ:  [   0.    0.  180.]
rot_tool_wrt_s_code:  [  -0.59931   -1.83743 -176.24627]
pos_ntip wrt_c:       [ 0.0073   0.01672  0.09523]
pos_ntip_wrt_s:       [ 0.09508  0.04195 -0.11067]
pos_ntip_wrt_r:       [ 0.00453 -0.02119 -0.00543]

Adding 13-th data point for `collect_tip_data()`.
pos_tool_wrt_s_targ:  [0.10719999999999999, 0.0036000000000000008, -0.105]
pos_tool_wrt_s_code:  [ 0.10675  0.00395 -0.10522]
rot_tool_wrt_s_targ:  [   0.    0.  180.]
rot_tool_wrt_s_code:  [   0.06886   -0.91496  178.06714]
pos_ntip wrt_c:       [ 0.00278  0.00135  0.10577]
pos_ntip_wrt_s:       [ 0.10094  0.02424 -0.11511]
pos_ntip_wrt_r:       [ 0.00649 -0.02008 -0.0099 ]

Adding 14-th data point for `collect_tip_data()`.
pos_tool_wrt_s_targ:  [0.10719999999999999, 0.0096000000000000009, -0.105]
pos_tool_wrt_s_code:  [ 0.10678  0.00952 -0.10522]
rot_tool_wrt_s_targ:  [   0.    0.  180.]
rot_tool_wrt_s_code:  [  -0.16764   -1.10819 -179.38585]
pos_ntip wrt_c:       [ 0.00215  0.00619  0.10411]
pos_ntip_wrt_s:       [ 0.10098  0.02938 -0.11551]
pos_ntip_wrt_r:       [ 0.00559 -0.01992 -0.01028]

Adding 15-th data point for `collect_tip_data()`.
pos_tool_wrt_s_targ:  [0.10719999999999999, 0.015599999999999999, -0.105]
pos_tool_wrt_s_code:  [ 0.10689  0.01523 -0.10523]
rot_tool_wrt_s_targ:  [   0.    0.  180.]
rot_tool_wrt_s_code:  [  -0.4023    -1.57411 -177.33553]
pos_ntip wrt_c:       [ 0.00183  0.01154  0.09997]
pos_ntip_wrt_s:       [ 0.10085  0.03592 -0.11378]
pos_ntip_wrt_r:       [ 0.00508 -0.02095 -0.00855]

Adding 16-th data point for `collect_tip_data()`.
pos_tool_wrt_s_targ:  [0.10719999999999999, 0.021600000000000001, -0.105]
pos_tool_wrt_s_code:  [ 0.10705  0.02111 -0.10523]
rot_tool_wrt_s_targ:  [   0.    0.  180.]
rot_tool_wrt_s_code:  [  -0.69204   -2.3073  -175.78454]
pos_ntip wrt_c:       [ 0.00125  0.0162   0.09802]
pos_ntip_wrt_s:       [ 0.10089  0.04101 -0.11384]
pos_ntip_wrt_r:       [ 0.00468 -0.0203  -0.00861]

Finished collecting data for computing needle_tip_r.
[ 0.00776 -0.01839 -0.0126 ], 0
[ 0.00667 -0.01962 -0.00971], 1
[ 0.00682 -0.01961 -0.01005], 2
[ 0.00634 -0.01989 -0.00877], 3
[ 0.00746 -0.01867 -0.01294], 4
[ 0.00599 -0.01988 -0.00928], 5
[ 0.00641 -0.01945 -0.01151], 6
[ 0.00448 -0.02134 -0.00355], 7
[ 0.0067  -0.01914 -0.01185], 8
[ 0.00617 -0.01909 -0.01215], 9
[ 0.00552 -0.01941 -0.01112], 10
[ 0.00453 -0.02119 -0.00543], 11
[ 0.00649 -0.02008 -0.0099 ], 12
[ 0.00559 -0.01992 -0.01028], 13
[ 0.00508 -0.02095 -0.00855], 14
[ 0.00468 -0.0203  -0.00861], 15
average `n_t` to use later: [ 0.09668 -0.31693 -0.15632]
(DANIEL: THIS IS WRONG, `n_t` IS NOT AN AVERAGE)

We first incrementally move to the starting rotation ...
we have pos, rot: [ 0.10639  0.02086 -0.10537], [   0.14001    1.21726 -166.00742]
we have pos, rot: [ 0.10628  0.02048 -0.10598], [   0.87627  -24.52173 -165.70323]
we have pos, rot: [ 0.107    0.02071 -0.10557], [ -29.71839  -28.99703 -157.85786]
(End of incrementally moving to start)


Adding 1-th data point
TARGET (yaw,pitch,roll):  [-30, -30, -160]
Actual (yaw,pitch,roll):  [ -29.51016  -29.1311  -158.02572]
Target pos (i.e., t_st):  [ 0.10706  0.0211  -0.10522]
Actual pos from command:  [ 0.10699  0.0207  -0.10559]

Adding 2-th data point
TARGET (yaw,pitch,roll):  [-30, -30, -180]
Actual (yaw,pitch,roll):  [ -30.78926  -31.17373 -173.92709]
Target pos (i.e., t_st):  [ 0.10706  0.0211  -0.10522]
Actual pos from command:  [ 0.10725  0.02054 -0.10542]

Adding 3-th data point
TARGET (yaw,pitch,roll):  [-30, -30, 160]
Actual (yaw,pitch,roll):  [ -31.154    -31.71335  166.7705 ]
Target pos (i.e., t_st):  [ 0.10706  0.0211  -0.10522]
Actual pos from command:  [ 0.10731  0.0205  -0.10537]

Adding 4-th data point
TARGET (yaw,pitch,roll):  [-30, 0, -160]
Actual (yaw,pitch,roll):  [ -30.56738   -0.63089 -162.54782]
Target pos (i.e., t_st):  [ 0.10706  0.0211  -0.10522]
Actual pos from command:  [ 0.1067   0.02098 -0.1054 ]

Adding 5-th data point
TARGET (yaw,pitch,roll):  [-30, 0, -180]
Actual (yaw,pitch,roll):  [ -32.35442   -3.27787 -173.81376]
Target pos (i.e., t_st):  [ 0.10706  0.0211  -0.10522]
Actual pos from command:  [ 0.10711  0.02071 -0.10542]

Adding 6-th data point
TARGET (yaw,pitch,roll):  [-30, 0, 160]
Actual (yaw,pitch,roll):  [ -32.71228   -3.83515  166.61843]
Target pos (i.e., t_st):  [ 0.10706  0.0211  -0.10522]
Actual pos from command:  [ 0.10719  0.02066 -0.10542]

Adding 7-th data point
TARGET (yaw,pitch,roll):  [-30, 30, -160]
Actual (yaw,pitch,roll):  [ -36.67219   25.77528 -159.28802]
Target pos (i.e., t_st):  [ 0.10706  0.0211  -0.10522]
Actual pos from command:  [ 0.10757  0.02057 -0.10575]

Adding 8-th data point
TARGET (yaw,pitch,roll):  [-30, 30, -180]
Actual (yaw,pitch,roll):  [ -36.45062   25.87894 -176.0127 ]
Target pos (i.e., t_st):  [ 0.10706  0.0211  -0.10522]
Actual pos from command:  [ 0.10752  0.02058 -0.10575]

Adding 9-th data point
TARGET (yaw,pitch,roll):  [-30, 30, 160]
Actual (yaw,pitch,roll):  [ -36.21946   26.04225  164.57442]
Target pos (i.e., t_st):  [ 0.10706  0.0211  -0.10522]
Actual pos from command:  [ 0.10749  0.0206  -0.10573]

Adding 10-th data point
TARGET (yaw,pitch,roll):  [0, -30, -160]
Actual (yaw,pitch,roll):  [   0.40106  -27.00039 -163.65841]
Target pos (i.e., t_st):  [ 0.10706  0.0211  -0.10522]
Actual pos from command:  [ 0.10649  0.02078 -0.10575]

Adding 11-th data point
TARGET (yaw,pitch,roll):  [0, -30, -180]
Actual (yaw,pitch,roll):  [  -0.27982  -31.12758 -174.74992]
Target pos (i.e., t_st):  [ 0.10706  0.0211  -0.10522]
Actual pos from command:  [ 0.10705  0.02077 -0.10545]

Adding 12-th data point
TARGET (yaw,pitch,roll):  [0, -30, 160]
Actual (yaw,pitch,roll):  [  -0.3701   -31.79602  165.98351]
Target pos (i.e., t_st):  [ 0.10706  0.0211  -0.10522]
Actual pos from command:  [ 0.10713  0.02075 -0.10541]

Adding 13-th data point
TARGET (yaw,pitch,roll):  [0, 0, -160]
Actual (yaw,pitch,roll):  [  -0.25908   -0.97069 -162.88084]
Target pos (i.e., t_st):  [ 0.10706  0.0211  -0.10522]
Actual pos from command:  [ 0.10678  0.02097 -0.10539]

Adding 14-th data point
TARGET (yaw,pitch,roll):  [0, 0, -180]
Actual (yaw,pitch,roll):  [  -0.81626   -3.74905 -174.29366]
Target pos (i.e., t_st):  [ 0.10706  0.0211  -0.10522]
Actual pos from command:  [ 0.10719  0.02095 -0.10542]

Adding 15-th data point
TARGET (yaw,pitch,roll):  [0, 0, 160]
Actual (yaw,pitch,roll):  [  -0.90567   -4.14517  166.20541]
Target pos (i.e., t_st):  [ 0.10706  0.0211  -0.10522]
Actual pos from command:  [ 0.10725  0.02095 -0.10542]

Adding 16-th data point
TARGET (yaw,pitch,roll):  [0, 30, -160]
Actual (yaw,pitch,roll):  [  -3.59046   24.34354 -158.58963]
Target pos (i.e., t_st):  [ 0.10706  0.0211  -0.10522]
Actual pos from command:  [ 0.1075   0.02102 -0.10598]

Adding 17-th data point
TARGET (yaw,pitch,roll):  [0, 30, -180]
Actual (yaw,pitch,roll):  [  -3.45037   24.5959  -175.5117 ]
Target pos (i.e., t_st):  [ 0.10706  0.0211  -0.10522]
Actual pos from command:  [ 0.10744  0.02103 -0.10598]

Adding 18-th data point
TARGET (yaw,pitch,roll):  [0, 30, 160]
Actual (yaw,pitch,roll):  [  -3.301     24.85405  164.75739]
Target pos (i.e., t_st):  [ 0.10706  0.0211  -0.10522]
Actual pos from command:  [ 0.1074   0.02103 -0.10596]

Adding 19-th data point
TARGET (yaw,pitch,roll):  [30, -30, -160]
Actual (yaw,pitch,roll):  [  29.18071  -27.14075 -163.03973]
Target pos (i.e., t_st):  [ 0.10706  0.0211  -0.10522]
Actual pos from command:  [ 0.10657  0.02061 -0.10569]

Adding 20-th data point
TARGET (yaw,pitch,roll):  [30, -30, -180]
Actual (yaw,pitch,roll):  [  30.35876  -31.37542 -174.93662]
Target pos (i.e., t_st):  [ 0.10706  0.0211  -0.10522]
Actual pos from command:  [ 0.10706  0.0209  -0.10538]

Adding 21-th data point
TARGET (yaw,pitch,roll):  [30, -30, 160]
Actual (yaw,pitch,roll):  [  30.5631   -31.97048  165.41494]
Target pos (i.e., t_st):  [ 0.10706  0.0211  -0.10522]
Actual pos from command:  [ 0.10712  0.02094 -0.10535]

Adding 22-th data point
TARGET (yaw,pitch,roll):  [30, 0, -160]
Actual (yaw,pitch,roll):  [  29.67429    0.75732 -165.69486]
Target pos (i.e., t_st):  [ 0.10706  0.0211  -0.10522]
Actual pos from command:  [ 0.10659  0.02047 -0.10543]

Adding 23-th data point
TARGET (yaw,pitch,roll):  [30, 0, -180]
Actual (yaw,pitch,roll):  [  30.75424   -2.57046 -174.45407]
Target pos (i.e., t_st):  [ 0.10706  0.0211  -0.10522]
Actual pos from command:  [ 0.10704  0.02072 -0.10547]

Adding 24-th data point
TARGET (yaw,pitch,roll):  [30, 0, 160]
Actual (yaw,pitch,roll):  [  31.03423   -3.31238  165.76169]
Target pos (i.e., t_st):  [ 0.10706  0.0211  -0.10522]
Actual pos from command:  [ 0.10713  0.02078 -0.10547]

Adding 25-th data point
TARGET (yaw,pitch,roll):  [30, 30, -160]
Actual (yaw,pitch,roll):  [  29.59888   30.4432  -166.34092]
Target pos (i.e., t_st):  [ 0.10706  0.0211  -0.10522]
Actual pos from command:  [ 0.1067   0.02065 -0.10533]

Adding 26-th data point
TARGET (yaw,pitch,roll):  [30, 30, -180]
Actual (yaw,pitch,roll):  [  31.62299   28.40769 -174.19868]
Target pos (i.e., t_st):  [ 0.10706  0.0211  -0.10522]
Actual pos from command:  [ 0.10699  0.02079 -0.10557]

Adding 27-th data point
TARGET (yaw,pitch,roll):  [30, 30, 160]
Actual (yaw,pitch,roll):  [  31.8764    28.1754   166.15503]
Target pos (i.e., t_st):  [ 0.10706  0.0211  -0.10522]
Actual pos from command:  [ 0.10703  0.0208  -0.1056 ]



Our n_t to use in this stage: [ 0.00604 -0.01981 -0.00977]

err_zyz: 0.013 for 0-th sample
err_zyx: 0.024 for 0-th sample
R_zyz:
[[-0.88928 -0.17234 -0.42366]
 [ 0.07337 -0.96805  0.23979]
 [-0.45144  0.18216  0.87351]]
R_zyx:
[[ 0.76019 -0.29827  0.5772 ]
 [-0.43027 -0.89677  0.10327]
 [ 0.48681 -0.32686 -0.81005]]

err_zyz: 0.008 for 1-th sample
err_zyx: 0.023 for 1-th sample
R_zyz:
[[-0.78504 -0.43125 -0.44468]
 [ 0.34463 -0.90057  0.26497]
 [-0.51473  0.05476  0.8556 ]]
R_zyx:
[[ 0.73501 -0.46196  0.49634]
 [-0.43797 -0.88227 -0.1726 ]
 [ 0.51763 -0.09052 -0.8508 ]]

err_zyz: 0.009 for 2-th sample
err_zyx: 0.022 for 2-th sample
R_zyz:
[[-0.59029 -0.67022 -0.44986]
 [ 0.62426 -0.73235  0.27195]
 [-0.51172 -0.1203   0.85069]]
R_zyx:
[[ 0.728   -0.60656  0.31952]
 [-0.4401  -0.77083 -0.46058]
 [ 0.52567  0.19468 -0.82811]]

err_zyz: 0.009 for 3-th sample
err_zyx: 0.028 for 3-th sample
R_zyz:
[[-0.97387 -0.22693 -0.00948]
 [ 0.22688 -0.97391  0.0056 ]
 [-0.0105   0.0033   0.99994]]
R_zyx:
[[ 0.86098 -0.4823   0.16156]
 [-0.50852 -0.82308  0.25289]
 [ 0.01101 -0.29989 -0.95391]]

err_zyz: 0.005 for 4-th sample
err_zyx: 0.024 for 4-th sample
R_zyz:
[[-0.89613 -0.44116 -0.0483 ]
 [ 0.44014 -0.89741  0.0306 ]
 [-0.05685  0.00616  0.99836]]
R_zyx:
[[ 0.84337 -0.52683  0.10569]
 [-0.53428 -0.84313  0.06061]
 [ 0.05718 -0.10758 -0.99255]]

err_zyz: 0.007 for 5-th sample
err_zyx: 0.021 for 5-th sample
R_zyz:
[[-0.69165 -0.72004 -0.05628]
 [ 0.7193  -0.69376  0.03615]
 [-0.06507 -0.01548  0.99776]]
R_zyx:
[[ 0.83951 -0.53877 -0.07032]
 [-0.53921 -0.81019 -0.22989]
 [ 0.06689  0.23092 -0.97067]]

err_zyz: 0.014 for 6-th sample
err_zyx: 0.023 for 6-th sample
R_zyz:
[[-0.88681 -0.30319  0.34877]
 [ 0.21939 -0.94044 -0.2597 ]
 [ 0.40674 -0.15379  0.90051]]
R_zyx:
[[ 0.72227 -0.68199 -0.11501]
 [-0.53781 -0.65838  0.52659]
 [-0.43484 -0.31848 -0.84231]]

err_zyz: 0.006 for 7-th sample
err_zyx: 0.021 for 7-th sample
R_zyz:
[[-0.76327 -0.54237  0.35108]
 [ 0.47732 -0.83959 -0.25932]
 [ 0.43541 -0.03035  0.89972]]
R_zyx:
[[ 0.72371 -0.6171  -0.30892]
 [-0.53455 -0.78439  0.31462]
 [-0.43647 -0.06256 -0.89754]]

err_zyz: 0.007 for 8-th sample
err_zyx: 0.020 for 8-th sample
R_zyz:
[[-0.54157 -0.76239  0.35419]
 [ 0.72635 -0.63649 -0.25942]
 [ 0.42322  0.11678  0.89847]]
R_zyx:
[[ 0.72485 -0.47538 -0.4986 ]
 [-0.53089 -0.8467   0.03548]
 [-0.43903  0.23898 -0.8661 ]]

err_zyz: 0.005 for 9-th sample
err_zyx: 0.027 for 9-th sample
R_zyz:
[[-0.85302  0.25741 -0.45399]
 [-0.28734 -0.95782 -0.00318]
 [-0.43566  0.12774  0.891  ]]
R_zyx:
[[ 0.89098  0.13445  0.43368]
 [ 0.00624 -0.95868  0.28441]
 [ 0.454   -0.2507  -0.85501]]

err_zyz: 0.007 for 10-th sample
err_zyx: 0.021 for 10-th sample
R_zyz:
[[-0.85286  0.07346 -0.51694]
 [-0.08734 -0.99618  0.00252]
 [-0.51478  0.0473   0.85602]]
R_zyx:
[[ 0.85601  0.04244  0.51522]
 [-0.00418 -0.99602  0.08899]
 [ 0.51695 -0.07833 -0.85243]]

err_zyz: 0.007 for 11-th sample
err_zyx: 0.021 for 11-th sample
R_zyz:
[[-0.82304 -0.21212 -0.52689]
 [ 0.24752 -0.96888  0.0034 ]
 [-0.51121 -0.12761  0.84993]]
R_zyx:
[[ 0.84991 -0.13388  0.50963]
 [-0.00549 -0.96938 -0.2455 ]
 [ 0.5269   0.20585 -0.82462]]

err_zyz: 0.008 for 12-th sample
err_zyx: 0.024 for 12-th sample
R_zyz:
[[-0.95688  0.28999 -0.01694]
 [-0.29004 -0.95702  0.00008]
 [-0.01619  0.00499  0.99986]]
R_zyx:
[[ 0.99985  0.00067  0.01752]
 [-0.00452 -0.95571  0.29428]
 [ 0.01694 -0.29432 -0.95556]]

err_zyz: 0.004 for 13-th sample
err_zyx: 0.023 for 13-th sample
R_zyz:
[[-0.99423  0.08503 -0.06538]
 [-0.08527 -0.99636  0.00093]
 [-0.06506  0.0065   0.99786]]
R_zyx:
[[ 0.99776 -0.00767  0.06647]
 [-0.01422 -0.99504  0.09849]
 [ 0.06539 -0.09922 -0.99292]]

err_zyz: 0.006 for 14-th sample
err_zyx: 0.020 for 14-th sample
R_zyz:
[[-0.96473 -0.25314 -0.07227]
 [ 0.25372 -0.96728  0.00114]
 [-0.0702  -0.01724  0.99738]]
R_zyx:
[[ 0.99726 -0.03258  0.06642]
 [-0.01576 -0.97076 -0.23952]
 [ 0.07228  0.23782 -0.96862]]

err_zyz: 0.012 for 15-th sample
err_zyx: 0.022 for 15-th sample
R_zyz:
[[-0.86941  0.27363  0.4114 ]
 [-0.31121 -0.94999 -0.02581]
 [ 0.38376 -0.15047  0.91109]]
R_zyx:
[[ 0.9093  -0.20848 -0.36015]
 [-0.05706 -0.91974  0.38836]
 [-0.41221 -0.33259 -0.84822]]

err_zyz: 0.003 for 16-th sample
err_zyx: 0.022 for 16-th sample
R_zyz:
[[-0.90954  0.01103  0.41546]
 [-0.02356 -0.99941 -0.02505]
 [ 0.41494 -0.03257  0.90927]]
R_zyx:
[[ 0.90762 -0.09251 -0.40948]
 [-0.05472 -0.99317  0.10309]
 [-0.41622 -0.07116 -0.90648]]

err_zyz: 0.006 for 17-th sample
err_zyx: 0.020 for 17-th sample
R_zyz:
[[-0.85887 -0.29372  0.41961]
 [ 0.31288 -0.94948 -0.0242 ]
 [ 0.40552  0.1105   0.90738]]
R_zyx:
[[ 0.90588  0.05476 -0.41999]
 [-0.05225 -0.96958 -0.23912]
 [-0.42031  0.23856 -0.87546]]

err_zyz: 0.004 for 18-th sample
err_zyx: 0.027 for 18-th sample
R_zyz:
[[-0.60093  0.693   -0.39828]
 [-0.6697  -0.70855 -0.22242]
 [-0.43634  0.13307  0.88989]]
R_zyx:
[[ 0.77695  0.58254  0.23873]
 [ 0.43388 -0.77023  0.46743]
 [ 0.45618 -0.25959 -0.85118]]

err_zyz: 0.004 for 19-th sample
err_zyx: 0.026 for 19-th sample
R_zyz:
[[-0.68922  0.56846 -0.44925]
 [-0.50598 -0.82143 -0.26314]
 [-0.51861  0.04595  0.85377]]
R_zyx:
[[ 0.7367   0.54309  0.40289]
 [ 0.43151 -0.83629  0.33827]
 [ 0.52064 -0.07535 -0.85044]]

err_zyz: 0.013 for 20-th sample
err_zyx: 0.027 for 20-th sample
R_zyz:
[[-0.83497  0.30816 -0.45592]
 [-0.20063 -0.94195 -0.26923]
 [-0.51242 -0.13333  0.84832]]
R_zyx:
[[ 0.73046  0.37729  0.56927]
 [ 0.43136 -0.90112  0.04373]
 [ 0.52948  0.21362 -0.82098]]

err_zyz: 0.006 for 21-th sample
err_zyx: 0.023 for 21-th sample
R_zyz:
[[-0.71952  0.69438  0.01148]
 [-0.69436 -0.7196   0.00654]
 [ 0.01281 -0.00327  0.99991]]
R_zyx:
[[ 0.86878  0.47688 -0.13345]
 [ 0.49503 -0.84353  0.20834]
 [-0.01322 -0.24706 -0.96891]]

err_zyz: 0.002 for 22-th sample
err_zyx: 0.025 for 22-th sample
R_zyz:
[[-0.80507  0.59193 -0.03854]
 [-0.5915  -0.80598 -0.02293]
 [-0.04464  0.00433  0.99899]]
R_zyx:
[[ 0.8585   0.51269 -0.01106]
 [ 0.51084 -0.85313  0.10588]
 [ 0.04485 -0.09655 -0.99432]]

err_zyz: 0.008 for 23-th sample
err_zyx: 0.021 for 23-th sample
R_zyz:
[[-0.95595  0.28932 -0.04951]
 [-0.28813 -0.95713 -0.02979]
 [-0.056   -0.01421  0.99833]]
R_zyx:
[[ 0.85543  0.48754  0.17479]
 [ 0.51469 -0.83786 -0.18188]
 [ 0.05778  0.24554 -0.96766]]

err_zyz: 0.004 for 24-th sample
err_zyx: 0.027 for 24-th sample
R_zyz:
[[-0.61179  0.65698  0.44056]
 [-0.61911 -0.74436  0.25026]
 [ 0.49235 -0.11965  0.86213]]
R_zyx:
[[ 0.74963  0.37592 -0.54474]
 [ 0.42583 -0.90401 -0.03786]
 [-0.50668 -0.20359 -0.83775]]

err_zyz: 0.005 for 25-th sample
err_zyx: 0.027 for 25-th sample
R_zyz:
[[-0.69215  0.59735  0.4051 ]
 [-0.5449  -0.80054  0.24944]
 [ 0.47331 -0.04809  0.87958]]
R_zyx:
[[ 0.74898  0.48069 -0.45603]
 [ 0.46119 -0.87237 -0.1621 ]
 [-0.47574 -0.08891 -0.87508]]

err_zyz: 0.012 for 26-th sample
err_zyx: 0.025 for 26-th sample
R_zyz:
[[-0.85319  0.33362  0.40096]
 [-0.24878 -0.93591  0.24935]
 [ 0.45845  0.11299  0.88151]]
R_zyx:
[[ 0.74857  0.60869 -0.26295]
 [ 0.46551 -0.76485 -0.44531]
 [-0.47217  0.21094 -0.8559 ]]

Done with evaluation!
zyz has avg error 0.00726
zyx has avg error 0.02345
